MASTER_INTERNAL=1.000000
MASTER_EXTERNAL=1.000000
DYNAMICS=0.100000
COCKPIT=0.500000
ENGN=1.000000
WEATHER=0.500000
