MASTER_INTERNAL=1.000000
MASTER_EXTERNAL=1.000000
ENGINE=1.000000
COCKPIT=1.250000
WEATHER=1.250000
DYNAMICS=1.170000
