MASTER_INTERNAL=1.000000
MASTER_EXTERNAL=1.000000
<<<<<<< HEAD
DYNAMICS=0.100000
COCKPIT=0.500000
ENGN=1.000000
WEATHER=0.500000
=======
DYNAMICS=0.550000
COCKPIT=1.250000
ENGN=0.500000
WEATHER=0.750000
>>>>>>> bd8f8b9fd15fb846c811bd3d269537400ed9366c
