MASTER_INTERNAL=1.000000
MASTER_EXTERNAL=1.000000
DYNAMICS=0.550000
COCKPIT=1.250000
ENGN=0.500000
WEATHER=0.750000
