MASTER_INTERNAL=1.000000
MASTER_EXTERNAL=1.000000
ENGN=1.000000
COCKPIT=1.000000
WIND=1.000000
